              precision    recall  f1-score   support

           0       0.99      1.00      1.00       921
           1       1.00      1.00      1.00         8
           2       1.00      1.00      1.00         8
           3       1.00      1.00      1.00         7
           4       1.00      1.00      1.00         8
           5       1.00      1.00      1.00         7
           6       1.00      1.00      1.00         8
           7       1.00      1.00      1.00         8
           8       1.00      1.00      1.00         7
           9       1.00      1.00      1.00         8
          10       1.00      1.00      1.00         7
          11       1.00      1.00      1.00         7
          12       1.00      1.00      1.00         8
          13       1.00      1.00      1.00         8
          14       1.00      1.00      1.00         8
          15       1.00      1.00      1.00         7
          16       1.00      1.00      1.00         7
          17       0.00      0.00      0.00         7
          18       1.00      1.00      1.00         7
          19       1.00      1.00      1.00         7
          20       1.00      1.00      1.00         7
          21       1.00      1.00      1.00         7
          22       1.00      1.00      1.00        79
          23       1.00      1.00      1.00         7
          24       1.00      1.00      1.00         9
          25       1.00      1.00      1.00         7
          26       1.00      1.00      1.00         7
          27       1.00      1.00      1.00         7
          28       1.00      1.00      1.00        78
          29       1.00      1.00      1.00         7
          30       1.00      1.00      1.00         7
          31       1.00      1.00      1.00         7
          32       1.00      1.00      1.00        80
          33       1.00      1.00      1.00         7
          34       1.00      1.00      1.00         7
          35       1.00      1.00      1.00         7

    accuracy                           0.99      1393
   macro avg       0.97      0.97      0.97      1393
weighted avg       0.99      0.99      0.99      1393
